0000000000000000
0000000000000000
0000000000000000
0000000000000000
0000000000000000
0001110000000000
0001211110000000
0001111111110000
0000111111111000
0000000011311000
0000000001110000
0000000000000000
0000000000000000
0000000000000000
0000000000000000
0000000000000000

0000000000000000000000000000000000000000000000000000000000000000000000000000000000011100000000000001211110000000000111111111000000001111111110000000000011311000000000000111000000000000000000000000000000000000000000000000000000000000000000000000000000000000

start = 100
01100100
end = 154

0000000000000000000000000000000000000000000000000000000000000000000000000000000000011100000000000001111110000000000111111111000000001111111110000000000011111000000000000111000000000000000000000000000000000000000000000000000000000000000000000000000000000000