0000000000000000
0000000000000000
0000000000000000
0000000000000000
0000000000000000
0000001111001110
1111001111001310
1111001111001110
1111001111001110
1211111111111110
1111001111000000
0000000000000000
0000000000000000
0000000000000000
0000000000000000
0000000000000000

0000000000000000000000000000000000000000000000000000000000000000000000000000000000000011110011101111001111001310111100111100111011110011110011101211111111111110111100111100000000000000000000000000000000000000000000000000000000000000000000000000000000000000

start = 145
end = 109

0000000000000000000000000000000000000000000000000000000000000000000000000000000000000011110011101111001111001110111100111100111011110011110011101111111111111110111100111100000000000000000000000000000000000000000000000000000000000000000000000000000000000000
