0000000000000000
0000000000000000
0000000000000000
0000000000000000
0000000000000000
0000001111111000
1111001110011000
1111111110011110
1211000000011310
1111000000011110
0000000000001110
0000000000000000
0000000000000000
0000000000000000
0000000000000000
0000000000000000

0000000000000000000000000000000000000000000000000000000000000000000000000000000000000011111110001111001110011000111111111001111012110000000113101111000000011110000000000000111000000000000000000000000000000000000000000000000000000000000000000000000000000000

start = 129
10000001
end = 141

0000000000000000000000000000000000000000000000000000000000000000000000000000000000000011111110001111001110011000111111111001111011110000000111101111000000011110000000000000111000000000000000000000000000000000000000000000000000000000000000000000000000000000
