0000000000000000
0000000000000000
0000000000000000
0000000000000000
0000000011110000
0000000011110000
1110000010011110
1211111110001310
1110000111001110
1110000111001110
0111000100000000
0011111100000000
0000000000000000
0000000000000000
0000000000000000
0000000000000000

0000000000000000000000000000000000000000000000000000000000000000000000001111000000000000111100001110000010011110121111111000131011100001110011101110000111001110011100010000000000111111000000000000000000000000000000000000000000000000000000000000000000000000

start = 113
end = 125

0000000000000000000000000000000000000000000000000000000000000000000000001111000000000000111100001110000010011110111111111000111011100001110011101110000111001110011100010000000000111111000000000000000000000000000000000000000000000000000000000000000000000000
