0000000000000000
0000000000000000
0000000000000000
0000111111100000
0000111111100000
0111100000111000
0111000000011000
0111000000011000
0121001111111110
0111001111111110
0000001310011110
0000001110011110
0000000000000000
0000000000000000
0000000000000000
0000000000000000

0000000000000000000000000000000000000000000000000000111111100000000011111110000001111000001110000111000000011000011100000001100001210011111111100111001111111110000000131001111000000011100111100000000000000000000000000000000000000000000000000000000000000000

start = 130
end = 167

0000000000000000000000000000000000000000000000000000111111100000000011111110000001111000001110000111000000011000011100000001100001110011111111100111001111111110000000111001111000000011100111100000000000000000000000000000000000000000000000000000000000000000