0000000000000000
0000000000000000
0000000000000000
0001111000000000
0001311000000000
0001110000000000
0001000111111000
0001000110011000
0021111110011000
0000000110000100
0000000111100100
0000000111111100
0000000000111000
0000000000000000
0000000000000000
0000000000000000

0000000000000000000000000000000000000000000000000001111000000000000131100000000000011100000000000001000111111000000100011001100000211111100110000000000110000100000000011110010000000001111111000000000000111000000000000000000000000000000000000000000000000000

start = 130
end = 68

0000000000000000000000000000000000000000000000000001111000000000000111100000000000011100000000000001000111111000000100011001100000111111100110000000000110000100000000011110010000000001111111000000000000111000000000000000000000000000000000000000000000000000