0000000000000000
0000000000000000
0000000000000000
0000000000000000
0000000000000000
0100010111010010
0100010010011010
0100010010011010
0100010010010110
0101010010010110
0010100111010010
0000000000000000
0000000000000000
0000000000000000
0000000000000000
0000000000000000

0000000000000000000000000000000000000000000000000000000000000000000000000000000001000101110100100100010010011010010001001001101001000100100101100101010010010110001010011101001000000000000000000000000000000000000000000000000000000000000000000000000000000000

start = 0
end = 0

0000000000000000000000000000000000000000000000000000000000000000000000000000000001000101110100100100010010011010010001001001101001000100100101100101010010010110001010011101001000000000000000000000000000000000000000000000000000000000000000000000000000000000
